Casos del artículo "The Fifteen Puzzle—A New Approach through Hybridizing Three Heuristics Methods"

Tabla 3

1 5 2 7 10 14 11 6 15 12 9 3 13 0 8 4

5 6 10 7 1 3 11 8 13 4 15 9 14 0 2 12 

1 11 6 2 10 13 15 5 3 12 0 4 9 7 14 8

6 5 2 7 13 0 10 12 4 1 3 14 9 11 15 8

4 3 10 7 6 0 1 2 12 15 5 14 9 13 8 11

4 10 3 2 1 0 7 8 9 6 13 15 14 12 11 5

3 4 11 2 9 1 14 15 7 6 0 8 5 13 12 10

3 10 2 5 15 6 13 4 0 11 1 7 9 12 8 14

9 4 0 3 14 7 5 12 15 2 13 6 10 1 8 11

7 1 12 10 6 11 15 4 0 2 5 14 3 13 8 9

1 13 5 7 14 9 10 12 11 8 2 15 6 0 4 3

13 9 5 12 10 2 4 11 3 8 0 7 1 14 6 15

2 13 6 1 14 5 11 0 12 4 8 10 9 3 15 7

11 3 12 9 2 8 10 14 0 7 15 13 1 6 5 4

7 6 15 12 14 1 13 3 0 9 8 4 2 11 5 10

5 8 13 15 14 0 1 7 4 6 10 2 11 9 12 3

12 2 5 11 10 0 1 6 3 14 8 9 7 4 13 15

13 3 2 8 12 0 5 1 11 6 9 15 4 14 7 10

7 13 1 4 9 12 8 5 15 14 0 6 11 2 3 10

8 11 12 10 2 0 15 1 14 6 4 3 7 9 5 13

6 8 12 13 7 2 5 14 9 3 1 15 11 0 10 4

9 12 2 5 11 1 10 14 0 4 3 8 6 15 7 13

10 12 11 7 8 9 14 5 3 13 4 1 6 0 2 15

3 10 14 5 1 12 11 8 15 7 9 6 2 0 13 4

9 3 12 5 4 14 6 11 8 7 15 13 10 0 2 1

--------------------------------------------------------------

Tabla 4 (del caso 12 al 28)

0 12 9 13 15 11 10 14 3 7 2 5 4 8 6 1

0 12 10 13 15 11 14 9 3 7 2 5 4 8 6 1

0 11 9 13 12 15 10 14 3 7 6 2 4 8 5 1

0 15 9 13 11 12 10 14 3 7 6 2 4 8 5 1

0 12 9 13 15 11 10 14 3 7 6 2 4 8 5 1

0 12 14 13 15 11 9 10 3 7 6 2 4 8 5 1

0 12 10 13 15 11 14 9 3 7 6 2 4 8 5 1

0 12 11 13 15 14 10 9 3 7 6 2 4 8 5 1

0 12 10 13 15 11 9 14 7 3 6 2 4 8 5 1

0 12 9 13 15 11 14 10 3 8 6 2 4 7 5 1

0 12 9 13 15 11 10 14 8 3 6 2 4 7 5 1

0 12 14 13 15 11 9 10 8 3 6 2 4 7 5 1

0 12 9 13 15 11 10 14 7 8 6 2 4 3 5 1

0 12 10 13 15 11 14 9 7 8 6 2 4 3 5 1

0 12 9 13 15 8 10 14 11 7 6 2 4 3 5 1

0 12 9 13 15 11 10 14 3 7 5 6 4 8 2 1

0 12 9 13 15 11 10 14 7 8 5 6 4 3 2 1

--------------------------------------------------------------

Casos de prueba usadas para la evaluación del proyecto

2 11 3 10 1 9 4 0 6 13 7 8 5 14 15 12

15 12 0 8 9 4 3 10 5 1 6 11 7 2 13 14

4 3 2 1 8 7 6 5 12 11 10 9 0 14 15 13